0.000000000000000000e+00 0.000000000000000000e+00
1.515151515151515194e-02 0.000000000000000000e+00
3.030303030303030387e-02 1.536493299605118032e-02
4.545454545454545581e-02 2.083965098090924048e-02
6.060606060606060774e-02 2.631436896576729717e-02
7.575757575757575968e-02 6.605186477348101715e-02
9.090909090909091161e-02 1.546760315300939603e-01
1.060606060606060635e-01 2.433001982867068758e-01
1.212121212121212155e-01 3.891125321196346465e-01
1.363636363636363535e-01 6.395422255780061072e-01
1.515151515151515194e-01 8.899719190363781784e-01
1.666666666666666852e-01 1.331795135628832449e+00
1.818181818181818232e-01 2.231428562922763259e+00
1.969696969696969613e-01 3.131061990216694291e+00
2.121212121212121271e-01 3.867898595510796511e+00
2.272727272727272929e-01 4.078263450782573685e+00
2.424242424242424310e-01 4.288628306054349082e+00
2.575757575757575690e-01 4.460831675370060978e+00
2.727272727272727071e-01 4.456278350844326219e+00
2.878787878787879007e-01 4.451725026318591460e+00
3.030303030303030387e-01 4.423783913384037092e+00
3.181818181818181768e-01 4.222591971761818108e+00
3.333333333333333703e-01 4.021400030139599124e+00
3.484848484848485084e-01 3.794214479974301391e+00
3.636363636363636465e-01 3.162043903304311065e+00
3.787878787878787845e-01 2.529873326634320740e+00
3.939393939393939226e-01 1.898210723938188460e+00
4.090909090909091161e-01 1.566963464469335321e+00
4.242424242424242542e-01 1.235716205000483292e+00
4.393939393939393923e-01 9.044689455316313742e-01
4.545454545454545858e-01 7.581495004795306691e-01
4.696969696969697239e-01 6.229949640372018926e-01
4.848484848484848619e-01 4.878404275948731716e-01
5.000000000000000000e-01 4.101792998735302453e-01
5.151515151515151381e-01 3.400303341551558778e-01
5.303030303030302761e-01 2.698813684367815102e-01
5.454545454545454142e-01 2.040372144340999172e-01
5.606060606060606633e-01 1.391010637652846382e-01
5.757575757575758013e-01 7.416491309646980334e-02
5.909090909090909394e-01 4.802498023846481917e-02
6.060606060606060774e-01 3.365818428165862769e-02
6.212121212121212155e-01 1.929138832485243621e-02
6.363636363636363535e-01 1.245937754829631004e-02
6.515151515151514916e-01 8.726471856027095964e-03
6.666666666666667407e-01 4.993566163757857598e-03
6.818181818181818787e-01 3.926769156659937719e-03
6.969696969696970168e-01 4.295957631719528672e-03
7.121212121212121549e-01 4.665146106779120491e-03
7.272727272727272929e-01 4.862675059824767866e-03
7.424242424242424310e-01 4.941561486119553162e-03
7.575757575757575690e-01 5.020447912414337591e-03
7.727272727272727071e-01 4.218555364653428681e-03
7.878787878787878451e-01 2.643982295809530099e-03
8.030303030303030942e-01 1.069409226965619374e-03
8.181818181818182323e-01 3.310372368894786365e-04
8.333333333333333703e-01 5.203646599969619698e-04
8.484848484848485084e-01 7.096920831044452489e-04
8.636363636363636465e-01 7.587533159269724400e-04
8.787878787878787845e-01 6.104468344927771288e-04
8.939393939393939226e-01 4.621403530585819802e-04
9.090909090909091717e-01 7.844644646352780769e-04
9.242424242424243097e-01 1.955139030849880211e-03
9.393939393939394478e-01 3.125813597064482346e-03
9.545454545454545858e-01 3.562568968518327935e-03
9.696969696969697239e-01 2.271987034335650260e-03
9.848484848484848619e-01 9.814051001529721513e-04
1.000000000000000000e+00 3.023734318138921164e-06
1.015151515151515138e+00 1.564556252530444405e-05
1.030303030303030276e+00 2.826739073246996821e-05
1.045454545454545414e+00 3.632165802360054697e-05
1.060606060606060552e+00 2.369982981643493133e-05
1.075757575757575690e+00 1.107800160926931908e-05
1.090909090909090828e+00 1.929783247370347831e-06
1.106060606060606188e+00 1.770706850632744361e-05
1.121212121212121327e+00 3.348435376528431239e-05
1.136363636363636465e+00 1.027191760862729807e-04
1.151515151515151603e+00 9.578480371217350155e-04
1.166666666666666741e+00 1.812976898157197267e-03
1.181818181818181879e+00 2.659364852673561531e-03
1.196969696969697017e+00 1.788458706379134153e-03
1.212121212121212155e+00 9.175525600847069928e-04
1.227272727272727293e+00 4.664641379027939863e-05
1.242424242424242431e+00 0.000000000000000000e+00
1.257575757575757569e+00 0.000000000000000000e+00
1.272727272727272707e+00 0.000000000000000000e+00
1.287878787878787845e+00 0.000000000000000000e+00
1.303030303030302983e+00 0.000000000000000000e+00
1.318181818181818121e+00 0.000000000000000000e+00
1.333333333333333481e+00 0.000000000000000000e+00
1.348484848484848619e+00 0.000000000000000000e+00
1.363636363636363757e+00 0.000000000000000000e+00
1.378787878787878896e+00 0.000000000000000000e+00
1.393939393939394034e+00 0.000000000000000000e+00
1.409090909090909172e+00 0.000000000000000000e+00
1.424242424242424310e+00 0.000000000000000000e+00
1.439393939393939448e+00 0.000000000000000000e+00
1.454545454545454586e+00 0.000000000000000000e+00
1.469696969696969724e+00 0.000000000000000000e+00
1.484848484848484862e+00 0.000000000000000000e+00
1.500000000000000000e+00 0.000000000000000000e+00
