0.000000000000000000e+00 0.000000000000000000e+00
1.515151515151515194e-02 1.823905762730540156e-02
3.030303030303030387e-02 8.221671465239359031e-03
4.545454545454545581e-02 1.112840887339373169e-02
6.060606060606060774e-02 1.933230879631455540e-02
7.575757575757575968e-02 1.154100844804096908e-02
9.090909090909091161e-02 8.897148454909048487e-03
1.060606060606060635e-01 1.092086283108400710e-02
1.212121212121212155e-01 3.277700626723339256e-02
1.363636363636363535e-01 5.196397744309975975e-02
1.515151515151515194e-01 6.580955663343010520e-02
1.666666666666666852e-01 8.991494231399899117e-02
1.818181818181818232e-01 1.331315079392817458e-01
1.969696969696969613e-01 2.231699333925991624e-01
2.121212121212121271e-01 3.489846122550414598e-01
2.272727272727272929e-01 4.879113619234330401e-01
2.424242424242424310e-01 6.139550389861966329e-01
2.575757575757575690e-01 6.812407424508264420e-01
2.727272727272727071e-01 7.045066719928122501e-01
2.878787878787879007e-01 6.950626715706624825e-01
3.030303030303030387e-01 7.411813472146046022e-01
3.181818181818181768e-01 8.567523023806626892e-01
3.333333333333333703e-01 1.115075384173904283e+00
3.484848484848485084e-01 1.396658278265746400e+00
3.636363636363636465e-01 1.686471041220468203e+00
3.787878787878787845e-01 1.857999057817852684e+00
3.939393939393939226e-01 2.059049501532160598e+00
4.090909090909091161e-01 2.559497202473760780e+00
4.242424242424242542e-01 3.355450195331735053e+00
4.393939393939393923e-01 4.312148937363470935e+00
4.545454545454545858e-01 4.964510130809938637e+00
4.696969696969697239e-01 5.269951706789971269e+00
4.848484848484848619e-01 5.219105883088574593e+00
5.000000000000000000e-01 5.494659189198138449e+00
5.151515151515151381e-01 5.483609609605699653e+00
5.303030303030302761e-01 4.929196191966102703e+00
5.454545454545454142e-01 3.647656001380647162e+00
5.606060606060606633e-01 2.324840683987640766e+00
5.757575757575758013e-01 1.457965766666634577e+00
5.909090909090909394e-01 9.636659596789470816e-01
6.060606060606060774e-01 6.632315374999898649e-01
6.212121212121212155e-01 4.573017354377209021e-01
6.363636363636363535e-01 2.801399839843973227e-01
6.515151515151514916e-01 1.272652271508468713e-01
6.666666666666667407e-01 9.377564560135367988e-02
6.818181818181818787e-01 6.856095528131822547e-02
6.969696969696970168e-01 5.124133307855414932e-02
7.121212121212121549e-01 3.964813334433656133e-02
7.272727272727272929e-01 2.993290814598079108e-02
7.424242424242424310e-01 2.237770780826092362e-02
7.575757575757575690e-01 2.286080754888179106e-02
7.727272727272727071e-01 2.448377569172117962e-02
7.878787878787878451e-01 1.532646813952946024e-02
8.030303030303030942e-01 9.199687438177785517e-03
8.181818181818182323e-01 5.191167613142047554e-03
8.333333333333333703e-01 1.986953184198352387e-03
8.484848484848485084e-01 4.254989795468955283e-03
8.636363636363636465e-01 1.288950446714872550e-02
8.787878787878787845e-01 1.056224778047725951e-02
8.939393939393939226e-01 6.801505573431215063e-03
9.090909090909091717e-01 2.669755388740668346e-03
9.242424242424243097e-01 8.850248285537709375e-04
9.393939393939394478e-01 3.401522857397737258e-04
9.545454545454545858e-01 1.874802354339108251e-03
9.696969696969697239e-01 2.362497441094881835e-03
9.848484848484848619e-01 2.806756049066072047e-03
1.000000000000000000e+00 9.923484938614633710e-03
1.015151515151515138e+00 9.592757254098870784e-03
1.030303030303030276e+00 2.138742635187750388e-03
1.045454545454545414e+00 9.749696062790036812e-04
1.060606060606060552e+00 3.639949263633937993e-03
1.075757575757575690e+00 1.192031391948317025e-02
1.090909090909090828e+00 6.836742929669729039e-03
1.106060606060606188e+00 6.854320287491801533e-04
1.121212121212121327e+00 1.626391482373191338e-04
1.136363636363636465e+00 1.255890918028322242e-02
1.151515151515151603e+00 2.656618660506429586e-02
1.166666666666666741e+00 1.086553590324019006e-02
1.181818181818181879e+00 4.184147206361502579e-03
1.196969696969697017e+00 4.588890081596495168e-03
1.212121212121212155e+00 1.669293705028420272e-03
1.227272727272727293e+00 0.000000000000000000e+00
1.242424242424242431e+00 0.000000000000000000e+00
1.257575757575757569e+00 4.384794977311897335e-05
1.272727272727272707e+00 6.385859580497997567e-05
1.287878787878787845e+00 1.326573640060584773e-05
1.303030303030302983e+00 0.000000000000000000e+00
1.318181818181818121e+00 2.923426638968351041e-05
1.333333333333333481e+00 1.978771310709314822e-04
1.348484848484848619e+00 1.611446875227322685e-04
1.363636363636363757e+00 0.000000000000000000e+00
1.378787878787878896e+00 0.000000000000000000e+00
1.393939393939394034e+00 0.000000000000000000e+00
1.409090909090909172e+00 0.000000000000000000e+00
1.424242424242424310e+00 0.000000000000000000e+00
1.439393939393939448e+00 0.000000000000000000e+00
1.454545454545454586e+00 0.000000000000000000e+00
1.469696969696969724e+00 0.000000000000000000e+00
1.484848484848484862e+00 0.000000000000000000e+00
1.500000000000000000e+00 0.000000000000000000e+00
