0.000000000000000000e+00 0.000000000000000000e+00
1.515151515151515194e-02 0.000000000000000000e+00
3.030303030303030387e-02 3.121505181039429741e-02
4.545454545454545581e-02 2.083907508140311893e-02
6.060606060606060774e-02 1.046309835241194044e-02
7.575757575757575968e-02 9.708070296740513305e-03
9.090909090909091161e-02 1.129559473627616412e-02
1.060606060606060635e-01 1.287416681139357325e-02
1.212121212121212155e-01 1.318025812489881377e-02
1.363636363636363535e-01 1.348634943840405255e-02
1.515151515151515194e-01 1.706290190920407498e-02
1.666666666666666852e-01 3.295889825801859296e-02
1.818181818181818232e-01 4.885489460683307972e-02
1.969696969696969613e-01 7.533106238869283211e-02
2.121212121212121271e-01 1.168712852232090538e-01
2.272727272727272929e-01 1.584115080577252754e-01
2.424242424242424310e-01 1.728407603790531877e-01
2.575757575757575690e-01 1.703245860222728503e-01
2.727272727272727071e-01 1.678084116654924851e-01
2.878787878787879007e-01 1.455250135306236925e-01
3.030303030303030387e-01 1.188483773603873639e-01
3.181818181818181768e-01 9.260047608368694727e-02
3.333333333333333703e-01 8.638007803465672096e-02
3.484848484848485084e-01 8.015967998562650854e-02
3.636363636363636465e-01 7.417725179961963400e-02
3.787878787878787845e-01 6.902039136531101793e-02
3.939393939393939226e-01 6.386353093100238798e-02
4.090909090909091161e-01 6.671302963417943821e-02
4.242424242424242542e-01 8.032631110261584384e-02
4.393939393939393923e-01 9.393959257105226335e-02
4.545454545454545858e-01 1.082058779311282776e-01
4.696969696969697239e-01 1.228567570724637958e-01
4.848484848484848619e-01 1.375076362137993280e-01
5.000000000000000000e-01 4.929947357027177346e-01
5.151515151515151381e-01 9.172372962209796032e-01
5.303030303030302761e-01 1.368861587544380587e+00
5.454545454545454142e-01 2.576983249996102288e+00
5.606060606060606633e-01 3.785104912447833314e+00
5.757575757575758013e-01 4.830360848174279909e+00
5.909090909090909394e-01 5.353382707152539055e+00
6.060606060606060774e-01 5.876404566130798202e+00
6.212121212121212155e-01 6.064629446352728159e+00
6.363636363636363535e-01 5.827647325850934479e+00
6.515151515151514916e-01 5.590665205349140798e+00
6.666666666666667407e-01 5.012533005190443980e+00
6.818181818181818787e-01 4.245250278035005209e+00
6.969696969696970168e-01 3.477967550879566883e+00
7.121212121212121549e-01 2.661534431454043670e+00
7.272727272727272929e-01 1.836161798581347870e+00
7.424242424242424310e-01 1.036336821628545790e+00
7.575757575757575690e-01 7.333738651070964565e-01
7.727272727272727071e-01 4.304109085856471228e-01
7.878787878787878451e-01 1.950521486595901410e-01
8.030303030303030942e-01 1.606817257448066583e-01
8.181818181818182323e-01 1.263113028300234530e-01
8.333333333333333703e-01 1.003609464952185115e-01
8.484848484848485084e-01 8.451683003004900607e-02
8.636363636363636465e-01 6.867271356487950063e-02
8.787878787878787845e-01 6.172527932391630445e-02
8.939393939393939226e-01 5.941662450171576737e-02
9.090909090909091717e-01 5.710796967951521641e-02
9.242424242424243097e-01 4.352806933197721911e-02
9.393939393939394478e-01 2.811455590106084340e-02
9.545454545454545858e-01 1.415067310687301294e-02
9.696969696969697239e-01 2.179257996777500539e-02
9.848484848484848619e-01 2.943448682867699784e-02
1.000000000000000000e+00 3.212831484687550532e-02
1.015151515151515138e+00 2.114534347923835433e-02
1.030303030303030276e+00 1.016237211160120335e-02
1.045454545454545414e+00 5.782771382784078658e-03
1.060606060606060552e+00 8.895564401481429601e-03
1.075757575757575690e+00 1.200835742017877968e-02
1.090909090909090828e+00 1.386745555075328748e-02
1.106060606060606188e+00 1.511257275823225249e-02
1.121212121212121327e+00 1.635768996571119668e-02
1.136363636363636465e+00 1.472788267376107588e-02
1.151515151515151603e+00 1.268381525814981682e-02
1.166666666666666741e+00 1.074500155213602322e-02
1.181818181818181879e+00 1.007056306475159757e-02
1.196969696969697017e+00 9.396124577367171923e-03
1.212121212121212155e+00 8.488109910584287418e-03
1.227272727272727293e+00 6.978405296516072137e-03
1.242424242424242431e+00 5.468700682447856856e-03
1.257575757575757569e+00 4.624761922815310081e-03
1.272727272727272707e+00 4.495062213702921000e-03
1.287878787878787845e+00 4.365362504590531052e-03
1.303030303030302983e+00 3.958374778155790419e-03
1.318181818181818121e+00 3.424011976612745776e-03
1.333333333333333481e+00 2.889649175069692461e-03
1.348484848484848619e+00 1.931435932597644952e-03
1.363636363636363757e+00 9.197782015210064811e-04
1.378787878787878896e+00 0.000000000000000000e+00
1.393939393939394034e+00 0.000000000000000000e+00
1.409090909090909172e+00 0.000000000000000000e+00
1.424242424242424310e+00 0.000000000000000000e+00
1.439393939393939448e+00 0.000000000000000000e+00
1.454545454545454586e+00 0.000000000000000000e+00
1.469696969696969724e+00 4.764430675547279845e-04
1.484848484848484862e+00 1.436220914986410628e-03
1.500000000000000000e+00 2.395998762418093380e-03
