0.000000000000000000e+00 0.000000000000000000e+00
1.515151515151515194e-02 0.000000000000000000e+00
3.030303030303030387e-02 3.432255669434173401e-02
4.545454545454545581e-02 2.946075633972730992e-02
6.060606060606060774e-02 2.459895598511288237e-02
7.575757575757575968e-02 2.254460598538825938e-02
9.090909090909091161e-02 2.117382681192268856e-02
1.060606060606060635e-01 1.982016606947589049e-02
1.212121212121212155e-01 2.089970320891903002e-02
1.363636363636363535e-01 2.197924034836216609e-02
1.515151515151515194e-01 2.444119797118978615e-02
1.666666666666666852e-01 3.211057153378045481e-02
1.818181818181818232e-01 3.977994509637110959e-02
1.969696969696969613e-01 4.523358235709293296e-02
2.121212121212121271e-01 4.753245281230998598e-02
2.272727272727272929e-01 4.983132326752703206e-02
2.424242424242424310e-01 4.741069385971178468e-02
2.575757575757575690e-01 4.204019075233818292e-02
2.727272727272727071e-01 3.666968764496458116e-02
2.878787878787879007e-01 4.203148653435189591e-02
3.030303030303030387e-01 4.977852463934853006e-02
3.181818181818181768e-01 5.722597663699131865e-02
3.333333333333333703e-01 5.067885571216707713e-02
3.484848484848485084e-01 4.413173478734286337e-02
3.636363636363636465e-01 3.860902833029315750e-02
3.787878787878787845e-01 3.664023218030153239e-02
3.939393939393939226e-01 3.467143603030990728e-02
4.090909090909091161e-01 3.447165504564503324e-02
4.242424242424242542e-01 3.665014546013280888e-02
4.393939393939393923e-01 3.882863587462057758e-02
4.545454545454545858e-01 4.287669317736257646e-02
4.696969696969697239e-01 4.802585233887912697e-02
4.848484848484848619e-01 5.317501150039567748e-02
5.000000000000000000e-01 5.701869502873097018e-02
5.151515151515151381e-01 6.059903043364670006e-02
5.303030303030302761e-01 6.488756970820575010e-02
5.454545454545454142e-01 8.874223390820286383e-02
5.606060606060606633e-01 1.125968981082001719e-01
5.757575757575758013e-01 1.477849803016207386e-01
5.909090909090909394e-01 2.193140238575295720e-01
6.060606060606060774e-01 2.908430674134384608e-01
6.212121212121212155e-01 4.618611844856435611e-01
6.363636363636363535e-01 7.592348341310252158e-01
6.515151515151514916e-01 1.056608483776406704e+00
6.666666666666667407e-01 1.598085032320142762e+00
6.818181818181818787e-01 2.274904336798426741e+00
6.969696969696970168e-01 2.951723641276710719e+00
7.121212121212121549e-01 3.629127788505738028e+00
7.272727272727272929e-01 4.306638307411435385e+00
7.424242424242424310e-01 4.959023093197291843e+00
7.575757575757575690e-01 5.122751598270461670e+00
7.727272727272727071e-01 5.286480103343631498e+00
7.878787878787878451e-01 5.311858559259867718e+00
8.030303030303030942e-01 4.925920148681822042e+00
8.181818181818182323e-01 4.539981738103779918e+00
8.333333333333333703e-01 3.971492925311910227e+00
8.484848484848485084e-01 3.183896800772854974e+00
8.636363636363636465e-01 2.396300676233800164e+00
8.787878787878787845e-01 1.834530206439029421e+00
8.939393939393939226e-01 1.390506484595553705e+00
9.090909090909091717e-01 9.464827627520748798e-01
9.242424242424243097e-01 6.846100453150762988e-01
9.393939393939394478e-01 4.523697641584706886e-01
9.545454545454545858e-01 2.325255601578185560e-01
9.696969696969697239e-01 1.974367198987962424e-01
9.848484848484848619e-01 1.623478796397739565e-01
1.000000000000000000e+00 1.291861774607000746e-01
1.015151515151515138e+00 1.013512054623964265e-01
1.030303030303030276e+00 7.351623346409277837e-02
1.045454545454545414e+00 5.435499510625639574e-02
1.060606060606060552e+00 4.503525001753864998e-02
1.075757575757575690e+00 3.571550492882091116e-02
1.090909090909090828e+00 4.279160462967457335e-02
1.106060606060606188e+00 5.789735812763822237e-02
1.121212121212121327e+00 7.300311162560163547e-02
1.136363636363636465e+00 5.973716833200570786e-02
1.151515151515151603e+00 4.238302633138921194e-02
1.166666666666666741e+00 2.614348138054491122e-02
1.181818181818181879e+00 2.329319267424540332e-02
1.196969696969697017e+00 2.044290396794589543e-02
1.212121212121212155e+00 1.936265932376848506e-02
1.227272727272727293e+00 2.284203082355644454e-02
1.242424242424242431e+00 2.632140232334440055e-02
1.257575757575757569e+00 2.877788997193268111e-02
1.272727272727272707e+00 3.013701946403735121e-02
1.287878787878787845e+00 3.149614895614202131e-02
1.303030303030302983e+00 2.650634553894134354e-02
1.318181818181818121e+00 1.860009512201246315e-02
1.333333333333333481e+00 1.069384470508346480e-02
1.348484848484848619e+00 7.332595683675145054e-03
1.363636363636363757e+00 4.544438611300420476e-03
1.378787878787878896e+00 2.117070784755545679e-03
1.393939393939394034e+00 3.301455056446758740e-03
1.409090909090909172e+00 4.485839328137971802e-03
1.424242424242424310e+00 4.767205234249559907e-03
1.439393939393939448e+00 2.876073626663917630e-03
1.454545454545454586e+00 9.849420190782753534e-04
1.469696969696969724e+00 2.750603718153626313e-03
1.484848484848484862e+00 8.225953957775299433e-03
1.500000000000000000e+00 1.370130419739697299e-02
