0.000000000000000000e+00 0.000000000000000000e+00
1.515151515151515194e-02 2.535222895625612385e-02
3.030303030303030387e-02 1.406601516119858689e-02
4.545454545454545581e-02 3.794114153844555058e-03
6.060606060606060774e-02 1.777873959629724943e-02
7.575757575757575968e-02 3.073257683147215952e-02
9.090909090909091161e-02 2.930841512868027215e-02
1.060606060606060635e-01 2.934340254209744786e-02
1.212121212121212155e-01 4.349935570819427749e-02
1.363636363636363535e-01 5.342098277918313348e-02
1.515151515151515194e-01 3.241192066732077881e-02
1.666666666666666852e-01 1.588474573773480253e-02
1.818181818181818232e-01 2.532918650361784541e-02
1.969696969696969613e-01 3.118843270561954747e-02
2.121212121212121271e-01 2.002000672056733488e-02
2.272727272727272929e-01 1.149481109330182174e-02
2.424242424242424310e-01 1.349720386339267261e-02
2.575757575757575690e-01 1.542653172928454101e-02
2.727272727272727071e-01 1.710768501754263149e-02
2.878787878787879007e-01 2.026962036423341287e-02
3.030303030303030387e-01 2.777591625639218992e-02
3.181818181818181768e-01 3.015563463510711334e-02
3.333333333333333703e-01 1.941552795916524216e-02
3.484848484848485084e-01 1.219786598820451345e-02
3.636363636363636465e-01 1.290459284823657765e-02
3.787878787878787845e-01 1.898015752171335752e-02
3.939393939393939226e-01 3.573815049065549171e-02
4.090909090909091161e-01 4.340987793212325307e-02
4.242424242424242542e-01 3.501481947356051283e-02
4.393939393939393923e-01 2.864308580323742665e-02
4.545454545454545858e-01 2.546281493309312388e-02
4.696969696969697239e-01 4.657146718646083816e-02
4.848484848484848619e-01 1.019531538544280747e-01
5.000000000000000000e-01 1.058545984044557409e-01
5.151515151515151381e-01 4.463706114986010220e-02
5.303030303030302761e-01 2.109665949387198175e-02
5.454545454545454142e-01 4.033890445565416899e-02
5.606060606060606633e-01 6.055649425623385596e-02
5.757575757575758013e-01 8.176900803992355471e-02
5.909090909090909394e-01 9.336016332126972905e-02
6.060606060606060774e-01 9.613353084775919100e-02
6.212121212121212155e-01 7.916490452420205104e-02
6.363636363636363535e-01 4.594874210269502685e-02
6.515151515151514916e-01 6.606910015933561975e-02
6.666666666666667407e-01 1.255626521947627861e-01
6.818181818181818787e-01 1.701251761603504165e-01
6.969696969696970168e-01 2.048190401982881159e-01
7.121212121212121549e-01 2.541311858631895015e-01
7.272727272727272929e-01 3.120720804030910345e-01
7.424242424242424310e-01 4.728834890615444819e-01
7.575757575757575690e-01 6.877391624940198955e-01
7.727272727272727071e-01 1.230722014193698755e+00
7.878787878787878451e-01 1.926462483947085413e+00
8.030303030303030942e-01 2.433729024764323512e+00
8.181818181818182323e-01 2.863675947249284981e+00
8.333333333333333703e-01 3.725548199874295197e+00
8.484848484848485084e-01 4.742463903564069660e+00
8.636363636363636465e-01 5.081774826125385225e+00
8.787878787878787845e-01 5.210163539031210433e+00
8.939393939393939226e-01 5.187182973585416690e+00
9.090909090909091717e-01 5.123813131802541498e+00
9.242424242424243097e-01 4.692822811858693655e+00
9.393939393939394478e-01 4.179010968649927271e+00
9.545454545454545858e-01 3.347080549668553395e+00
9.696969696969697239e-01 2.455855147237209213e+00
9.848484848484848619e-01 2.091495038403994755e+00
1.000000000000000000e+00 1.806105882743772595e+00
1.015151515151515138e+00 1.539338249138030967e+00
1.030303030303030276e+00 1.274722579969663538e+00
1.045454545454545414e+00 8.165042553839294559e-01
1.060606060606060552e+00 3.421727444924053119e-01
1.075757575757575690e+00 3.044750953907408575e-01
1.090909090909090828e+00 2.897944510709838939e-01
1.106060606060606188e+00 2.065700442124636937e-01
1.121212121212121327e+00 1.221678450026354168e-01
1.136363636363636465e+00 1.705358029839211809e-01
1.151515151515151603e+00 2.156291628238337366e-01
1.166666666666666741e+00 1.555680877038364274e-01
1.181818181818181879e+00 9.747642552653852654e-02
1.196969696969697017e+00 7.199142663447297141e-02
1.212121212121212155e+00 4.792997959681823822e-02
1.227272727272727293e+00 3.944925727643353031e-02
1.242424242424242431e+00 3.117082321410430401e-02
1.257575757575757569e+00 2.452116594016619591e-02
1.272727272727272707e+00 2.101330245718387862e-02
1.287878787878787845e+00 3.725731225519360312e-02
1.303030303030302983e+00 4.759227995412532164e-02
1.318181818181818121e+00 2.780392787322751025e-02
1.333333333333333481e+00 1.188009813466140395e-02
1.348484848484848619e+00 1.235124937468278471e-02
1.363636363636363757e+00 1.156702195975843270e-02
1.378787878787878896e+00 6.266570509517989385e-03
1.393939393939394034e+00 4.947088817725058332e-03
1.409090909090909172e+00 1.594418707913317426e-02
1.424242424242424310e+00 2.086128845283794983e-02
1.439393939393939448e+00 9.425162899591901788e-03
1.454545454545454586e+00 1.553976579775794530e-03
1.469696969696969724e+00 2.089375716163726065e-03
1.484848484848484862e+00 4.032232698511692241e-03
1.500000000000000000e+00 8.904364839641796744e-03
