0.000000000000000000e+00 0.000000000000000000e+00
1.515151515151515194e-02 0.000000000000000000e+00
3.030303030303030387e-02 1.688195113535472663e-02
4.545454545454545581e-02 2.719938658598382297e-02
6.060606060606060774e-02 2.711390887477680214e-02
7.575757575757575968e-02 1.643232864353726813e-02
9.090909090909091161e-02 1.155995239703461359e-02
1.060606060606060635e-01 3.741423182037575262e-02
1.212121212121212155e-01 6.326851124371689339e-02
1.363636363636363535e-01 5.169956929166523441e-02
1.515151515151515194e-01 3.206002745740888643e-02
1.666666666666666852e-01 2.182366091821960272e-02
1.818181818181818232e-01 2.152425298749546800e-02
1.969696969696969613e-01 2.288798158352941745e-02
2.121212121212121271e-01 3.369094340830577905e-02
2.272727272727272929e-01 4.449390523308215106e-02
2.424242424242424310e-01 6.022029321913573846e-02
2.575757575757575690e-01 7.707615050828112158e-02
2.727272727272727071e-01 7.295711447313414644e-02
2.878787878787879007e-01 4.584046647701004590e-02
3.030303030303030387e-01 2.702940712092901515e-02
3.181818181818181768e-01 5.898513464605389944e-02
3.333333333333333703e-01 9.094086217117888782e-02
3.484848484848485084e-01 6.459434038816271040e-02
3.636363636363636465e-01 2.405288814686722121e-02
3.787878787878787845e-01 3.317116636390970465e-03
3.939393939393939226e-01 5.113564220735797826e-03
4.090909090909091161e-01 6.769655531572450410e-03
4.242424242424242542e-01 7.497945092793327493e-03
4.393939393939393923e-01 8.226234654014204575e-03
4.545454545454545858e-01 3.577464759548769357e-02
4.696969696969697239e-01 7.023892805370669790e-02
4.848484848484848619e-01 8.039216797974464701e-02
5.000000000000000000e-01 6.184506048731965022e-02
5.151515151515151381e-01 4.459830170695871371e-02
5.303030303030302761e-01 3.669231391459432112e-02
5.454545454545454142e-01 2.878632612222993895e-02
5.606060606060606633e-01 2.364640773338413937e-02
5.757575757575758013e-01 1.926048615358728899e-02
5.909090909090909394e-01 3.052283674865970825e-02
6.060606060606060774e-01 6.095724830145649031e-02
6.212121212121212155e-01 9.064550001312833560e-02
6.363636363636363535e-01 1.144767528775225834e-01
6.515151515151514916e-01 1.383080057419168452e-01
6.666666666666667407e-01 1.081568340834659081e-01
6.818181818181818787e-01 6.247689438244534432e-02
6.969696969696970168e-01 5.477302663978510233e-02
7.121212121212121549e-01 9.536303151849519211e-02
7.272727272727272929e-01 1.372398624766908437e-01
7.424242424242424310e-01 1.902269741086275445e-01
7.575757575757575690e-01 2.432140857405642453e-01
7.727272727272727071e-01 2.935495757491903834e-01
7.878787878787878451e-01 3.430813580184458589e-01
8.030303030303030942e-01 4.478862474737917987e-01
8.181818181818182323e-01 6.256617293678072844e-01
8.333333333333333703e-01 8.252697856963832068e-01
8.484848484848485084e-01 1.233832137435060927e+00
8.636363636363636465e-01 1.642394489173738314e+00
8.787878787878787845e-01 1.714918795427037512e+00
8.939393939393939226e-01 1.680276488631631260e+00
9.090909090909091717e-01 2.095153118568983341e+00
9.242424242424243097e-01 3.126225018814322354e+00
9.393939393939394478e-01 4.079010292208835153e+00
9.545454545454545858e-01 4.193384121745456383e+00
9.696969696969697239e-01 4.307757951282076725e+00
9.848484848484848619e-01 4.490469478847843199e+00
1.000000000000000000e+00 4.696081806192967889e+00
1.015151515151515138e+00 4.563102190332521069e+00
1.030303030303030276e+00 3.948085932200195547e+00
1.045454545454545414e+00 3.333213347577616670e+00
1.060606060606060552e+00 2.720082550198233751e+00
1.075757575757575690e+00 2.106951752818850832e+00
1.090909090909090828e+00 1.792292199660861840e+00
1.106060606060606188e+00 1.582609542879133135e+00
1.121212121212121327e+00 1.336806719757797746e+00
1.136363636363636465e+00 1.037584907477081542e+00
1.151515151515151603e+00 7.517809098857054506e-01
1.166666666666666741e+00 6.528225427282601245e-01
1.181818181818181879e+00 5.538641755708146874e-01
1.196969696969697017e+00 4.900591528786845119e-01
1.212121212121212155e+00 4.392164493992316565e-01
1.227272727272727293e+00 3.625131025258965245e-01
1.242424242424242431e+00 2.460676937929136832e-01
1.257575757575757569e+00 1.359647170540847216e-01
1.272727272727272707e+00 1.292482688783810618e-01
1.287878787878787845e+00 1.225318207026773881e-01
1.303030303030302983e+00 9.616583295031694290e-02
1.318181818181818121e+00 6.221135518495281985e-02
1.333333333333333481e+00 5.285350154951850427e-02
1.348484848484848619e+00 8.278620251569665522e-02
1.363636363636363757e+00 1.108968177515112508e-01
1.378787878787878896e+00 1.033387905272856733e-01
1.393939393939394034e+00 9.578076330306010966e-02
1.409090909090909172e+00 8.653411668899736731e-02
1.424242424242424310e+00 7.660510233768616506e-02
1.439393939393939448e+00 6.633853456938594573e-02
1.454545454545454586e+00 5.551129642590221097e-02
1.469696969696969724e+00 4.435406153130271728e-02
1.484848484848484862e+00 2.515149343377885705e-02
1.500000000000000000e+00 5.948925336255003748e-03
